CameraFlangeTransform:
  x: 0.000361857075141699
  y: -0.01745335538049227
  z: 0.02895045563947662
  rx: -0.003516424889853929
  ry: -0.002935808058062754
  rz: 1.569100503906772
