CameraFlangeTransform:
  x: 0.0144636420882294
  y: -0.03573110635511525
  z: 0.00500610207423424
  rx: 0.1788592279814407
  ry: -0.01992554550729532
  rz: -3.087321385038155
reprojectionError:
  position: 0.46241205813785
  orientation: 0.1002867751742293